315846973570875 0
966781565511039 0
485932961604676 0
448011585992432 0
297138006372771 0
331432886130581 0
157704101730563 0
768439914397205 0
791635186579437 0
457350507790239 0
290850798131765 0
293677517071146 0
169612809955814 0
582266746019318 0
250024436861990 0
599955409141704 0
484357166717838 0
553525703596230 0
757199382029783 0
463753668907642 0
565041577204141 0
696791722854123 0
789185047518648 0
652108562997917 0
789627679658765 0
157755543590992 -3672
877468035695622 0
177903299076057 0
808329121438329 0
619861248738468 0
738716918647567 0
602417725078701 0
368447770853930 0
220543930653951 0
989769709370706 0
956370450152166 0
122279792782101 0
462442462329773 0
916508588694949 0
539888017226232 0
255532291625894 0
812636386366624 0
179971852859015 0
529280848997404 0
615660221220630 0
846913052534480 0
901787336226296 0
490360007242992 0
841425027299390 0
128460912629923 0
727578383906849 0
471156313261374 0
733239194096080 0
833114555662479 0
364111985915676 0
120031266605584 0
215274591849499 0
336642701362582 0
204156703580697 0
908331518826607 0
903476003445894 0
497619781234587 0
632921135594269 0
224968882428203 0
753470031769036 0
897799412457072 0
420111727922913 0
632139093555592 0
998886880354922 0
234702881669662 0
754834617845007 0
114278167430358 0
731185962105547 0
193004920452651 0
332323306803977 0
231245887632425 0
452562246398723 0
843956639190395 0
754975154055499 0
779395184114493 0
441937119490289 0
218888368794601 0
446838478291608 0
393148367297171 0
523893887028151 0
372137383623761 0
693116242776913 0
701656464890641 0
928015722031065 0
203641412053893 0
972501418398042 0
422068997171877 0
949763095698483 0
524964600222937 0
334333029287380 0
477599525982245 0
770124145602766 0
713849031194230 0
388234584819709 0
622884287810239 0
736354484791439 0
793073661686941 0
206097666125359 0
812636386366624 0
995874750992400 0
166717401120795 0
851347404502779 0
570222507569754 0
624347348401634 0
268518536590716 0
862798355853399 0
254362344891039 0
468384990828812 0
470537937726350 0
807616850539591 0
985269091978920 0
477765300375863 0
891805571519200 0
796667605329885 0
898209402440629 0
428921781090232 -6753
350964616799357 0
849656030144055 0
800588129270449 0
720776415238519 0
614775764540281 0
282501335418222 0
491844833833497 0
948132524714290 0
612662801764843 0
535751807480738 0
244640192843714 0
923693435614699 0
945672275450889 0
928500116507174 0
380031585826524 0
945352049011657 0
289268012876859 0
817087552786802 0
428746265138591 0
370860096628596 0
624245780517559 0
285949975600086 0
240674803475450 0
689611772942918 0
292231585010844 0
704608783842963 0
193809873784824 0
802609668349502 0
918334658171833 0
773596624177395 0
641441727794192 0
846904994015356 0
442363056291696 0
919217338814316 0
131378338422136 0
374807235192025 0
841247973179385 0
745025461047992 0
950271875851469 0
700574387139053 0
168979120211994 0
382568567168851 0
200799552698009 0
758130272895772 0
298565478284608 0
311134178973772 0
383263960234578 0
545618792398395 0
621131847912156 0
977442022388914 0
401013647120506 0
711283019501080 0
923407843228005 0
207448754941901 0
345144930485958 0
393403427675439 0
683471221194896 0
672429238294419 0
497644918843638 -3975
410763230736782 0
221004652855383 -7834
778561938537013 0
401795875832922 0
605744712346419 0
231005118238387 0
612361829974510 0
822940041071834 0
791635186579437 0
999686746297830 0
112396276919871 0
943985036955204 0
812632770414431 0
301359836681759 0
954556062479657 0
545283861858168 0
665896183249376 0
756114488492215 0
166760043396648 0
705604782359580 0
309765687415579 0
648997550758631 0
133945939511668 0
813455661243236 0
570222507569754 0
445504940153178 0
669630213736569 0
227223538850661 0
788761678897521 0
808361987141608 0
435259790678344 -9819
742844575634109 0
698058728025685 0
146641548062093 0
133451171541153 0
625821967628272 0
741554539487109 0
836328871191975 0
705921371099889 0
205530729693106 0
953427286938509 0
847820125374473 0
591453383951594 0
514516958988019 0
487613864375466 0
529454276931898 0
652425222388491 0
793855735454018 0
948707475831515 0
582887255674460 0
641538591623373 0
651781011263292 0
754922344306415 0
232296501885049 0
437361363624946 0
921515482939403 0
488973905365667 0
240469854851334 0
793015666296193 0
255367085608990 0
108287074790601 0
442397051414446 -519
381242822786063 0
285632402442124 0
921382943839957 0
895635936898990 -1437
348233124859842 0
279555382010592 0
114126432373193 0
922618395849579 0
360074709896974 0
649361042555040 0
572901370087842 0
252405888504708 0
782057099596435 0
785368532257204 0
936559202030548 0
883682178810744 0
467976424012424 0
150903930834962 0
317607147038586 0
349515344241344 0
483920405554436 0
687830850327835 0
855868630646112 0
498542857607679 0
257579108369638 0
138335923555554 0
228975840930651 0
838136027885718 0
681923210738616 0
520393909414365 0
624245780517559 -3327
936365190981787 0
192259779050846 0
686295471938615 0
928500116507174 0
425113070055526 0
418704690715646 0
386507319063573 0
846399127686830 0
282849751681667 0
591453383951594 0
398460289197266 0
100547866040633 0
511403680284298 0
398518096318299 0
828382351503644 0
583288264437403 0
960510493854051 0
738816040749455 0
315871760468117 0
162884161557219 0
372164198719882 0
176756501858418 0
871800023900714 0
799184365785529 0
101715078351446 0
406089454078659 0
903290274223564 0
320185946027884 0
708284508842442 0
481161799780828 0
647176000174608 0
795459910960242 0
248307656631973 -8031
321650621205384 0
945457950520228 0
425111796129163 0
402717560971510 0
407755140008444 0
176468367472871 0
956505870042535 0
121201234066221 0
259871601397912 0
758730142001014 0
539082808674486 0
598498955761785 -8998
100360153601041 0
340795496677647 0
532318330597106 -7655
282110518964306 0
731991222027643 0
539621341246878 0
760325902848967 0
155143997787098 0
881252120481346 0
149826340943242 0
654609826467511 -5133
292189792744273 0
136619166816328 0
522946963472945 0
842151584544567 0
653496186269165 0
277987512812791 0
179971852859015 0
363820903074146 0
789347801891197 0
891108098398914 0
111637782697549 0
246338750073210 0
795442870690225 0
421972451012541 0
205220223173219 0
586836926435980 0
912613636136440 0
430974582215411 0
829222227758576 0
863303362804028 0
827701014322237 0
997468063423395 0
221839159727865 0
541781672349725 0
700237557684364 0
148594270051666 0
874873763836595 -4828
107665510852209 0
835165238571853 0
255049539160171 0
719512971420364 -3058
695752406730060 0
728216436633105 0
317319402383628 0
576893429187166 0
678653111040136 0
860537491931041 0
274817087037776 0
422123360997540 0
790359952538530 -747
297138006372771 0
758730142001014 0
377650530162491 0
725600937814373 0
726205823741441 0
468629244816838 0
158777773575725 -7733
671388304707472 -2899
383418006679451 0
323250928415633 0
671029814496488 0
756303750988236 0
128596474662392 0
935501616487295 0
196200354263975 0
343099449078785 0
952565541736329 0
530152851795147 0
837689696338462 0
750228780060277 0
938386738189814 0
498542857607679 0
489102273687743 0
245644589516081 0
718601634772861 0
598245771604234 0
526437426923219 0
949523096748956 0
418704690715646 0
332564492355076 0
853750746293737 0
784295408420609 0
812178572374367 0
918225503653428 0
111458698500346 0
429053426083053 0
664805873351380 0
535039345505590 0
350702221015912 0
397007419694177 0
444070901068939 0
865056014734016 0
151508032285137 0
377191441073510 0
897070215389592 -8265
476990835780177 0
421711796653750 0
219151375979303 0
345701001262204 0
305305061616765 0
653534371189558 0
588227294405667 0
868697063593802 0
380031585826524 0
101313540277210 -8895
254316483102536 0
479675033599627 0
814192602059213 0
293657193630701 0
853750746293737 0
470462220696688 0
417950226382658 0
924696426982813 0
184714425308905 0
441601625236532 0
548236725826212 0
281731990682112 0
297711630192447 0
797167549254067 0
509447430010822 -7945
305134801518171 0
608890641950659 0
772955451578195 0
802978639693952 0
150272572949309 0
979397429626203 0
904861686778392 0
372164198719882 0
715896440277560 0
357964382023101 0
450310414551783 0
616130082986187 0
289268012876859 0
587986126343183 0
777823791209964 0
486953003266791 0
321653579476697 -8983
441601625236532 0
467854178753291 0
226912500512986 0
829838271901573 0
516307822608796 0
389259634326376 0
380191029967695 0
123636609454283 0
622543464232386 0
543625254852920 0
268777609359323 0
729008059887684 0
680018536236614 0
570129047382194 0
412926938767335 0
110737688822743 -2529
293966514183681 0
474020825726041 0
818794756303577 -6809
401578412151599 0
796220946126375 0
902866397173546 0
221011428594927 0
826097553648537 0
262806478275115 0
101059196138359 0
234238812310698 0
298153098880216 -2334
350000998390779 0
578141418805591 -1862
476373157026962 0
570267958190240 0
983792404215239 0
414934277248430 0
938111600356184 0
513580005010981 0
467580406426532 0
887800336039596 0
706209347879408 0
936553595196128 0
276527100933265 0
477363125365287 0
535046449035081 0
986638540554092 0
726548758011128 -5675
191203172228178 0
317810181361766 0
192551026807278 0
793876179723611 0
632726431932096 0
204971355807195 0
929842112724915 0
562274635961014 -2347
368756918389151 -928
207192657085062 0
794411288431117 0
889260701873930 0
282875674040788 0
637224807861029 0
157489688753558 0
768291860834774 0
805190219680348 0
883539495858199 0
796355608692671 0
664024983536584 0
478474751576113 0
975322045917173 0
194200580601114 0
210360193028953 0
489187824000902 0
856468301377885 0
301310776069501 0
907035746321000 0
466151867519824 0
834058938778069 0
139458837338834 0
475534957073072 0
320989444669407 0
736225837023092 0
773485606497308 0
293112266666483 0
783517930558562 0
373347504427263 0
496673335646936 0
637768114518467 0
411765491076767 0
452605913942174 0
719875721139839 0
498511922151751 -7046
195045430577084 0
404120266276549 0
115505862251162 -4381
417039762978137 0
882165590143670 -3515
433587598386779 0
927293662207881 0
943723894272817 0
725047200257652 0
934328668916202 0
469673465111311 0
515814096691863 0
751788519028849 0
792174852044043 0
122070571424130 0
391278550524840 0
638713572957768 0
684309127235350 0
184901994822929 0
669389845888517 -9937
209742106745245 0
868040153911126 0
977380206099126 0
570882092135478 0
829843664810118 0
323900488804446 0
559977721230484 0
976297748981745 0
637059966060429 0
639161932366722 0
288383145778755 0
864625678712028 0
961223421734926 0
608518333637991 0
867296977577541 -6783
554596370032069 0
441052205437400 0
218404652052528 0
569226617428251 0
605993665585969 -2317
482082503922983 -1089
190582556743629 0
879888202199321 0
698664983147058 0
625767731679407 0
786494511885746 0
987667272448030 -3713
641519894102193 0
745139718256162 0
932415119601779 0
403201654663946 0
715788167345301 0
679877187745222 0
274169126021065 0
167520579866497 0
345701001262204 0
531779396152933 0
674742562975568 0
452365756089423 0
585319380268823 -6021
821496987934678 0
807203628168115 0
290946229225687 0
276081528643430 0
354361454718015 0
758294334954490 0
675447009190664 0
687049412371465 0
220265609074802 0
642530815349122 0
564715042622671 0
214869145731581 0
435688755039458 0
698069852588047 0
163786067697846 0
944092734961549 0
545242113773979 -4533
615660221220630 0
793978942131002 0
512815462303397 0
920918867213915 0
849656030144055 0
241449019211299 0
982588490499852 0
477765300375863 0
897840420348533 0
348103749916701 0
765124520418035 0
372164198719882 0
382421761112536 0
639956975653078 0
352871281352893 0
218085369082708 0
371520852508027 0
119208068114256 0
225721013090004 0
897305081872185 0
880040724286224 0
749354224268362 0
892652828541247 0
122277528314352 0
181492673008929 0
799190181105011 -5823
356245723869572 0
150438949001758 0
281202137162753 0
218876470806402 0
218085369082708 0
567040827802413 0
310268078704768 0
974785197727655 0
609257923206118 0
594053415898982 0
947321299726159 0
869292069603205 0
414137289231645 0
754975154055499 0
405427161427678 0
505462611262180 0
900864662669359 0
448408509134701 0
695656897187232 0
211062216718438 0
929863037924816 0
631294577621281 0
108713531288641 0
730707364405223 0
964010237237968 0
105166088833594 0
875803943625754 0
791828116911218 0
687148811532725 -5032
945352049011657 0
629177672997723 0
558250276311302 0
879642965567721 0
767287226188730 0
987875789729804 0
695861382169676 -3032
182262475115445 0
929752004676149 -8110
245021446396720 -3146
790820136696781 -8378
633763262263191 0
523106792471332 0
956729459961514 0
579637351000855 0
755474996678622 0
994759155450980 -1923
444411061956676 -332
462584820781062 0
993652998762014 0
641441727794192 0
516473285848792 -12674
187458253204374 0
517413377503531 0
220583887159773 0
702540857890824 0
164638215687666 -5965
296144081786803 0
850460409427636 0
880627743551097 0
749684677025211 -8071
914333983684007 0
282444137616611 0
145622707953843 0
582682320857354 0
519292685820740 0
552971915853268 0
799190181105011 -5823
692156318143300 0
837682635520450 0
854413823140025 0
778775436066596 0
257609544964493 -2472
480382541296783 0
766017611483571 0
249275382864169 0
363371226997972 0
969147393046260 0
660983543875273 0
891721310853964 -8398
432861783983116 -983
686295471938615 0
345420076789195 0
848025133182153 0
624316625966447 -5006
224401652420528 0
651807783473255 -9367
698679330343710 0
122391883130449 0
364753156717033 0
124483071287849 0
493407360611202 0
238331797665337 0
312167291818107 -2475
601814313951989 0
467500942318513 0
541390370190942 -8190
927325668364345 0
680121870077529 0
299110056380601 0
383636466674007 0
824715765649125 0
221011428594927 0
482007931678036 -2018
936181938652151 -4660
761872537578026 0
802570505169030 0
818274559377827 0
943723894272817 0
410763230736782 0
654609826467511 -9278
507688981650024 0
373748859392269 0
146198739464796 0
508171526009447 -7111
958840102859188 -8402
683715035641783 0
460786361624954 -2403
879776024828433 0
492764008629863 0
625139673222048 0
822310947869222 0
218888368794601 0
925107226179228 0
850103405220849 0
282988280041801 0
551100833710290 0
632139093555592 -7754
429044033615820 0
364975599630953 0
591373671999895 0
594816752116844 0
885085918464589 0
269616415750283 0
502096441846091 0
505462611262180 0
122655643493290 0
918225503653428 0
729390710932149 0
387120726234866 0
440836340860965 0
147034897296960 -8515
138021173257387 0
138011550709941 0
549389883357423 0
228535582231713 0
542851352971514 -6236
512874361448270 0
703770718899193 0
599457652004016 0
125317797002896 0
436333244460553 0
533002871435894 0
991409832571110 0
346279802239416 0
943444183816767 0
534124472497812 0
644743993812728 -3098
991409832571110 0
215036211429529 -9293
402688126750165 0
812632770414431 0
972744426173612 0
867296977577541 -6783
372862509464772 0
147602507572794 0
917357078211405 0
270779558307639 0
766012040971044 0
946247307021810 0
919882138220741 -2208
610798388535849 0
822158143113938 0
694163259775854 -5478
106704505314957 0
841108781331271 0
901257011129703 0
888134934629610 0
787782104820694 -5395
531387785722847 -3781
602057953452245 0
915320181748146 -5878
415070399410108 -9699
598933329668859 0
402230958586254 0
342428707866677 0
612408408396818 0
423392336718338 -4103
873359832711154 0
980006010924365 0
230768263125773 0
891371330481957 0
436742103163358 0
479028527614214 0
576043553497053 0
442283066943611 0
314449024511005 0
157802578927691 0
628712020020486 0
715644183508941 0
512828212971498 0
164254923582807 -9976
260751177829187 -938
994255020046124 0
962982693807453 0
430235379736898 -7706
636725862452375 0
761872537578026 0
961139945501434 -9863
275242593257709 0
624245780517559 -3327
730970394563212 0
290945135235862 -7593
745158520448262 0
547181267778869 0
596575132264982 0
594271443424353 0
738776048761929 0
144414080206260 0
831551307925731 0
300203040689819 0
952770076451290 -8769
170411919448134 0
277404864875653 0
670568954039119 0
512707194280558 0
460607973249294 -365
862605366318129 0
960421213455536 0
481270313968192 0
374886564528578 0
147673768180809 -971
111636677261163 0
477087481316186 0
128496329986180 0
459000789151454 0
922665230274113 0
428685991616002 0
685527966340680 0
607847475577634 -1007
105417554109958 -4541
736402308795888 0
547578845983334 0
999983267961282 0
732367451466458 0
641844690399416 -1687
408658722554635 0
607080274931116 0
379624806850181 0
719953799728338 -8710
773106446797630 0
963788388746970 0
313915383375154 0
463704018010948 0
427972769968289 0
220792133342866 -6940
234096453594074 -6805
959670622886158 0
356072145772617 0
778707737471868 0
715794694270431 0
916341266808149 0
972056575008910 0
842534324838162 -5141
744272516919720 -6960
324020562546626 -2821
769253980891686 0
570571965511501 0
780666242170393 0
805330335167033 -19525
814749491762657 0
727795645352135 0
805330335167033 -19525
680266647850557 0
882171770265145 -3553
829692177974574 0
852418357511517 0
696323765814044 0
255963341960313 -7638
587287194313647 0
907035746321000 0
736848190391743 0
720198855451418 0
635332782216330 0
177526267249032 0
841789148218312 0
734478555269100 0
505969196701692 0
367317562290580 0
406044149278740 0
207473913580326 0
911820684974380 0
675180701109295 0
457068427083104 0
673683140370312 0
786681175401344 -7702
568926276648754 0
944628956719912 -9758
591344314585776 0
741706603426789 0
660347104523790 0
545363102682438 0
359199138469897 0
289539566325638 0
656207580859002 0
938195648851880 0
249315830270281 -342
764862350736305 -6762
514463089549039 0
668361750832319 0
145315611584736 0
351829420117714 -4554
889818950828185 0
756303750988236 0
705084361404992 0
704608783842963 0
454100947067141 0
376139949796994 0
722863826043027 0
429979195194776 -3961
113798735372824 0
467462415538818 -6771
231327227429264 0
237141121068196 -6175
875387460561090 -16740
813833624832229 0
474603284374541 -1708
240168196109557 -6818
589332630186137 0
474289786963319 -6942
124694159743038 0
729536202437854 0
624347348401634 0
371695497978567 0
290605290998417 0
164909972766209 0
821364998545991 -5012
991518312301417 0
756566851168164 0
744758494337866 -6810
443784779068448 -9420
390257405349697 0
590378370274733 -5154
231245887632425 0
331849210053459 -5450
876175035521916 0
209450292554286 0
146641548062093 0
269135747255812 0
142854929886618 0
926407681291039 0
814929336352983 0
124917657724159 -3238
401013647120506 0
195997988100456 0
360314991797564 0
151020357013941 0
855021610794527 -2288
845525248438107 0
137008402030199 0
829543039100268 0
337297212450185 0
268340800811641 0
255532291625894 0
516328803901989 0
238518049014830 0
245237343926571 0
702269507309767 0
975530334704877 -291
696620072027207 0
553159403080826 0
845525248438107 0
404799534495329 -6009
190209999746026 -5873
570129047382194 -6687
485288424620308 0
686922217435570 0
724435567457917 0
510441002458368 0
850148220768466 -13844
109912888993023 0
816967927557439 -1427
734478555269100 0
921723740753350 0
437730063899748 0
591472746562665 0
947291317212543 0
127284343371526 -8813
706360724265214 0
750804400693551 0
209450292554286 0
573361800927793 0
115832232978195 -10746
957394283561091 0
947577991508175 0
603744983891300 0
953433673561216 0
496673335646936 0
444564431041370 -8433
155142271889294 -9143
550925034794424 0
716212839981077 -9211
455379401484496 0
302082221459988 0
191085072668182 -998
205530729693106 0
785640989346787 0
696613278844966 -4124
489459876584257 0
838126781399524 0
786960526208803 0
963915842044382 -6341
371695497978567 0
642930988735976 -5329
919955534697682 0
360649719474400 0
712134426275798 0
752722657470927 0
585365785261850 0
138149175090361 0
541781672349725 0
645625891206866 0
484750425221267 0
105426017925740 0
632244967227502 0
219606498643942 0
897500378261281 0
861510331940910 0
729272782449518 0
945513942710418 0
691050180586779 -6518
852303085683299 -5843
820127265148075 0
466598877097594 0
686186352103167 0
590878774370849 0
180128478982233 0
228471996806314 0
982644199822661 0
479399710907006 0
576893429187166 0
482983899608282 0
758662543817846 0
513220719132281 -7828
774452253126489 -3951
680384214462245 0
885289211960250 0
235119233635418 0
498542857607679 0
665334162506255 -2072
419921136287480 -9697
438502541757999 0
664956985554431 -5371
396890249454864 0
564214563042123 -7113
183785173146443 -4086
429053426083053 0
214065503896887 -7051
755030787397118 0
338387129813670 0
333948145435061 0
245021446396720 -3146
406985393800957 -9120
569516665604054 0
694299202036550 0
260496159347234 0
317327637689308 -8478
799652276433018 0
144580014012831 0
199066503175980 0
903814162239739 0
697125321242527 0
120001798754874 0
986827118814778 0
148471581920541 0
320736896995341 0
181424549213889 0
469673465111311 0
736251339859263 0
591584291788520 0
278508985524542 0
325026727249074 0
948101499644105 0
902342853540281 0
288704646935567 -8931
315002938902676 0
260496159347234 0
909468327911612 -7616
207979164804008 -667
890315327528207 0
782252892592609 0
922816489734377 0
979247797872454 0
513220719132281 -7828
832238636313060 0
674145718950494 0
619301645225277 -4592
595953551107715 0
938111600356184 0
569416217727450 -5795
603907247041690 0
232886077333251 0
589981316450338 -13145
108160437364710 -3562
124917657724159 -3238
872035361861441 0
205530729693106 0
229559095214128 0
275740472653558 -6219
380191029967695 0
785908652394119 0
218355357143073 -4614
364975599630953 0
122706862128698 -3795
901638286274329 0
653865686840456 0
277793442948584 0
462433989979388 0
298095396641479 0
233769855716382 -9206
315534523714469 -9026
104662438818855 -6591
692378216377724 0
411930903078071 0
263604430276082 0
832811647657432 0
343717576254582 0
855293907727013 0
323205344908137 0
336079010368723 0
643745040169741 -3337
785908652394119 0
338806673109342 -2840
475519027749621 0
759475183339284 0
540992824540207 0
906257355059644 -3852
219056104025747 -4616
671792713544565 -4335
916661231814552 0
380473455747928 0
273810313940524 0
191545373955872 -5212
870177793115180 -5252
257430318957464 -17618
388970702477452 0
230227822526362 0
768726915238186 0
271989162554385 0
424961632098874 0
708787779597462 0
106366407776226 0
434071036458617 0
774290679982972 0
329089442011239 0
186029999963265 0
358509578997559 0
279157866664199 0
754922344306415 0
404114170370885 0
865124408341604 0
480113111961921 0
509057299112823 -853
764035532194431 0
785318580534186 -6129
537173133676749 0
101990386931807 -7579
420091863426048 0
506885044969670 0
416714159514404 0
324018922419051 0
945769876223357 0
384007650471497 -7772
688600123533983 -4169
938045207798370 -8153
755433977022692 0
820127265148075 0
395716221848870 0
239927250545136 0
234702881669662 -10869
639460868056522 -5980
390066726587247 0
252742704542534 -5803
231852500526919 0
143973066906030 0
494744770202909 0
671104223177737 0
396124600188298 -8128
941353121042423 0
419863431526909 0
918253029224291 0
359562497060849 0
321908671317710 0
689464347282267 0
961785590986461 0
788177586008529 0
778150001084741 0
533572200532738 0
298095396641479 0
555750602580504 0
952912116375146 -4782
507128611318595 0
378229967699611 0
322092436298526 0
765125467791237 -6041
404034566907937 0
910667387175611 0
324447463015327 0
143812680343057 0
756114488492215 0
219095641313322 0
482661342234336 0
904832202612882 -3689
501592827574374 0
429744066981524 0
998156228916183 -5466
469673465111311 0
700364966860352 0
250597680931654 -4926
857289448489001 0
465972580474045 -8298
892603652411218 0
570854548298416 0
290406278403203 0
973488587794065 0
717620587297097 0
587641651475040 0
990097228189499 0
985076252055524 -9642
414966917869089 -9137
683526244478381 0
986780556370113 0
149327442935004 0
632651051690322 0
245384056364980 0
385963867575556 0
900687916862863 0
923029460751533 -2976
930427692727062 -2514
140508858580881 0
999052253595127 -6190
342327102793827 0
813960834933478 0
357556022164037 0
712126918180359 0
268231409310846 0
107669673243924 0
637904180747606 0
735833713347672 -5832
406919454363447 0
330849825210803 0
776384745097282 0
680018536236614 0
921723740753350 0
302082221459988 0
299416973996578 -8083
944628956719912 -9758
578144956113643 -19963
151771572314424 0
480715961314920 0
896372190447654 0
124375629958892 0
878204181821274 -14486
113202741750152 0
152266388931129 0
131965645080726 -21289
694362320666256 0
488323238655926 0
928410284045637 -5737
605881096597452 -4408
102774580335682 0
253394674901354 0
435216775969021 0
361794657512336 -7493
562635613910388 0
536267926556211 0
440706808078478 -9549
785846930689777 -14751
751598291225159 -4076
198039238000841 0
382439459006479 0
961770915065391 0
728216436633105 0
940813379786299 -6702
713212468487680 0
863463743006637 0
788615291908962 0
845763762841506 -3604
965125390883481 0
919217338814316 0
237042992982117 -3429
653483686094266 0
352209538696820 0
582663652654625 0
421972451012541 0
590878774370849 0
845196858642820 0
162495307951346 -2739
528501201618771 0
778639560497006 0
790084093129907 -5814
915320181748146 -11482
348103749916701 0
928147946102142 0
628110144666447 0
962520016774495 0
166921230744253 0
327131732192514 -4718
199184961542291 0
338547041102766 0
764464918859960 0
712126918180359 0
161155640526162 0
543332873526442 -3034
446606924721585 -2903
148123654855639 0
418348979553812 0
557012055289461 -9914
719804847027431 0
823876297449280 0
350706783699457 0
895699939495932 0
852418357511517 0
498227796368864 0
882090957554630 0
904282832189516 0
698058728025685 -11002
413266777079340 0
269135747255812 0
832065858910933 0
458786788817281 0
941353121042423 0
974785197727655 0
821785693965465 0
504489946492810 0
843116859408646 0
646091677994237 0
524796725826909 -9311
716503724408456 0
170635533315023 -17229
276263251131213 0
871931209694447 0
609070609066277 0
245079439188669 0
554596370032069 0
648523350934328 -1415
141424351651480 0
656048358689502 0
764379367118592 -2852
373466587919111 0
153451300379851 0
477575876021238 0
357014110364881 -1484
599392612895075 0
510635813544575 0
874656606803679 -7567
666782988900883 0
871444796361492 -9303
551562836134585 -2894
157755543590992 -3672
628340822631644 0
305166662596806 0
510428948553497 0
804741544734020 0
764164575083258 -2090
326663335663609 0
216198480898030 -6654
773759960274424 -1128
795281602514847 0
783727505392603 0
801775713330961 0
474509314504399 0
181876724811970 0
396567515388929 0
519292685820740 0
162209044486994 0
114844609622639 -1005
822916454449784 0
259192366331776 0
111983489754002 0
826097553648537 0
479028527614214 0
694712210893542 0
402717560971510 0
454295728244312 0
751598291225159 -4076
489849036135127 0
881327325934041 -1986
262913379308130 0
112066387504175 0
210665618818223 0
858532262876471 -15298
784863581452017 0
750885903289265 0
136902388834168 -4122
752334391002110 -1457
195997988100456 0
592829902436083 0
130944633028429 0
998777852662537 0
580054753615596 -9972
605561404164140 0
990295055865034 -5633
934843002080877 0
815945983320184 -9333
681144966708624 0
934130999524935 0
548226885132842 0
801013265470700 0
897320552548364 0
533392735328969 0
664371017588653 0
663309998958723 -5871
448671361119357 0
451607860080793 -8109
914066960569817 0
444906020637851 -3019
511758472130230 0
377971929622511 0
512584637309948 0
408229206969807 0
607064633289620 0
725562527336225 0
228471996806314 0
104217894466872 -5829
787679806973788 -7168
829543039100268 0
814350331683842 0
778150001084741 0
239416132098117 -9105
733405341213766 -9491
321098286018673 0
276447672414249 0
118668193134967 0
605744712346419 0
879371575217652 -9605
841108781331271 0
467447901834828 -7746
452259800779237 0
910995862847455 0
598933329668859 0
386345152828916 -3712
854210532547086 0
863312386574135 0
394606100609870 -2849
936181938652151 -7569
923029460751533 -2976
957267686703453 0
248247784155454 -2629
855209243441227 -1972
104129161470724 -380
388335776719552 -4493
247270517032433 -7006
651417103829341 0
472722831742816 0
278746011263491 0
347841801898694 -9630
180128478982233 0
428941114875006 0
419601015447762 -1018
783336663480322 0
540473142717132 -2411
101969467825484 0
596121366449152 0
535046449035081 -1506
468187242515683 0
830742672856171 -5936
734732566395469 -14941
846399127686830 0
600630893298241 0
218634382813283 0
122011322159817 0
354522369499245 0
293677517071146 0
793154013443377 -5042
912409416073460 -3454
593470981130660 0
410203327251840 0
109502268819648 -5257
346958375095933 0
892389282436111 -109
945244289782026 0
600426503170938 0
153344951240427 0
990864992351547 0
132829059676123 0
469673465111311 0
237891405102537 0
677531036253791 0
290138541566254 -8302
254316483102536 0
906114244149801 -577
758639720231787 0
303006008082342 0
327230625208461 0
896308731781776 -9654
627439473957687 -5100
404034566907937 0
660829229540688 0
851637407115548 -1968
245197308498397 0
159811345784218 -13490
600003915575034 0
150438949001758 0
207047337298038 -2365
382221888421546 0
737096747601899 -6829
399574277067888 0
310268078704768 0
792122222016021 0
838126781399524 0
810216849322221 0
406089454078659 0
745025461047992 -8598
686186352103167 0
214616242241252 0
921667709924750 0
569186137636445 0
572852239128953 0
575561335155188 0
102121692992137 0
541872947327139 0
578982542500110 0
529459412193950 -3361
231005118238387 0
984349358925242 0
300440731982699 0
647346215793467 0
897320552548364 0
677711379777931 -6391
947248809386649 0
600594219695919 0
887429292241830 0
116457218664463 0
561207780662694 0
944553434989840 0
523006503318894 -6801
970260135505521 -4071
394041396271317 0
899224264370507 0
233197665704651 0
113550106313909 -1501
869768268282436 0
613067031627539 0
959148438328179 0
195354469214239 0
285632402442124 0
602756861690894 0
859395868375269 -21512
984704773319970 0
773299781664871 0
749475917955318 -9907
544037353042404 0
213438554192403 -3080
364549417202525 -3760
633763262263191 0
540518673740135 -7097
884236624982227 0
412840877371183 -4633
656881200706620 0
198016033575593 0
356969046187689 0
527925656242928 0
842377681651658 0
871931209694447 0
237186527030953 0
375633909842188 -18312
429529388587646 -5342
322928383623786 -10006
188415415025364 0
566090531232269 0
559594321313853 -463
904290810369952 0
246231837648802 0
755949554383951 -281
713849031194230 0
245554523152241 0
950641265430227 0
802978639693952 0
569226617428251 -6978
737760211787188 -5294
541083776773005 -7866
247004466412095 0
636264280566348 0
353252329035577 0
659128892170399 0
415231976166339 0
460197653745446 0
820923467734263 0
309663975541774 0
831099125187553 0
963580100270870 0
277767914451095 0
620788514889757 0
808866880361023 -4496
980996511177331 0
896553029028951 0
526675181046931 -2489
860990056802051 -1479
925594548702075 -18265
712126918180359 0
397945902683753 0
571765518581340 0
275613260304663 -8830
603907247041690 0
386792410496755 0
935637187264091 0
247270517032433 -7006
834666503513838 0
373146658639545 0
400519099573390 0
392955857503150 -544
511758472130230 0
939484731804339 0
613856008499919 0
891805571519200 0
489849036135127 0
433057021012062 0
186887094781182 0
737744025034338 -7637
746524305239785 -11549
173357932606920 0
879019399994618 0
265038300706078 0
672386569895052 -4076
623765952106204 0
441110981439156 0
810623629302536 -4161
381552801183354 -5004
337472590805095 0
921805670079385 0
894454814987457 -8004
226484379141660 0
288010394276532 0
956729459961514 0
548087576456595 -3889
103853950151841 -4330
637222947388241 0
817087552786802 0
291875094115397 -5413
727578383906849 0
116627353108912 0
619301645225277 -4592
398095950134687 0
255532291625894 -2525
720198855451418 0
404120266276549 0
749128264208345 0
432730220783796 -2543
188415415025364 0
321739396563358 -8888
505597045154649 0
991371164539622 0
169316271543360 0
998056190696554 -2330
173966161924543 0
733690723385158 0
976037535816685 -9900
985471778465339 0
497774707786172 0
451771143358531 -22692
566516320326475 0
408160143272049 0
605561404164140 0
876582530705734 0
898481235310297 0
703002546580326 0
691647410772670 0
829843664810118 0
903909309494166 0
573866734193844 -4661
165482817292270 0
116509909424287 0
800722794180867 -9182
615963915347201 0
291488855570794 -1962
350150052714888 -57
748395327041043 0
668361750832319 0
984741419915649 0
297332627681683 -8028
112593037831656 0
937069427920929 0
770195671908450 0
845106971794631 0
756264575370438 0
799052438627039 -13406
970100335883848 0
699655613237974 -4372
570267958190240 -1683
321640882962906 0
979717268723303 -3722
282988280041801 0
470344253924100 0
361428980835376 0
978502236417338 0
865139747830341 -2635
843506376566430 -4899
345762614932406 0
543022834083249 0
450888343339133 -8105
288658603235053 0
456302642417453 0
534766835766569 0
557683392709639 -8991
305704663132327 0
179251169687780 -3302
867691526456324 -6999
775552929281864 0
304110015448095 0
380382418013579 0
764404849176069 0
820544217853877 0
871800023900714 0
616809764093763 -9243
941237021630016 0
543993291774117 0
101007467234123 -7512
442283066943611 0
316351819405451 -1060
530638725098337 0
733878864227569 -7234
740436605172268 0
153430341925997 0
493915546232332 0
981124436963175 0
771091387447152 0
190428024237724 0
125504203101387 0
869698047886085 -4998
506625564316676 0
662721039053370 0
309765687415579 0
628110144666447 0
420347247445327 0
149840957652117 0
324194717234258 0
496367613470615 0
627970798172749 0
561207780662694 0
299196030728574 0
699656440859638 0
189133270722161 -6210
678744959455194 0
889783836395331 0
644794254724681 -1222
595862869813096 -9994
937493844373449 0
901292364211902 -9280
374399346873737 0
138087060251973 0
257430318957464 -17618
523052007798267 0
701656464890641 0
228975840930651 0
374699260523497 0
376464937243927 -8416
715896440277560 0
213410276532773 0
516529456221525 0
660853303877953 0
938097065735009 0
363345500274723 0
676803071538481 0
743166677561669 -1582
966093251783872 0
603764488116364 0
909765939757067 0
302589169066368 0
503261346349699 0
749151795633214 0
190308472203407 0
123932102479111 0
104662438818855 -6591
671388304707472 -4167
896308731781776 -9654
737744025034338 -7637
664956985554431 -5371
292253154265535 0
607222979429089 0
874071808367013 -3896
414060926741866 -6025
234167975365486 0
516380614389041 0
737448867952719 -3015
170614427323510 0
985731562900610 -5188
283095707870937 -1115
450885650914733 -6448
634874603677326 0
901518977876349 -5775
190021383201281 0
153187555304184 -6389
562502835990492 0
611346065812772 0
104858068900424 -1139
418585914234897 -518
312772406588480 0
676811982319212 -1877
967068706993413 0
391832697594128 0
907544334339202 0
974213816796816 -6602
683715035641783 -5321
634874603677326 0
821534946695109 -9749
603059783209142 0
947200250275190 0
813943935981044 0
113443848902241 0
776866635944602 0
393140557652544 0
745158520448262 -1320
456956122625591 -3949
444070901068939 0
573361800927793 0
128460912629923 -1500
627439473957687 -5100
128021988181133 0
937493844373449 0
299110056380601 -871
375644320655410 -8091
271989162554385 0
168979120211994 0
711714890256009 0
855021610794527 -2288
788366628137561 -7106
595867483830880 0
423779798161574 -6254
715896440277560 0
916567514139408 -1027
327261382394560 0
767168375030616 0
194115598375438 -1754
656934241258674 0
941337246320619 -2043
789758429145797 -5090
606614278210376 0
711424351424245 0
417370678031974 0
666637634640726 0
741771140722123 0
952774397535426 0
582797491236057 0
520039614217979 0
122120242414542 0
403617573373492 -5617
178615663583483 0
751198645252066 0
352284847000096 0
718515363046779 0
903791538684935 -1642
774807206430395 0
925560341900033 0
192479848983964 -7205
722502789449803 0
299601386385684 -7758
254663205103718 -2128
302550122379860 0
282697696912516 0
875664643483814 0
637938886378665 -5022
196573608128279 0
962566121756101 -2443
294827032408538 -18133
274245138867269 0
743712887194726 0
768803840076270 0
447710007102911 0
501675279024407 -5574
388234584819709 0
754708093372777 0
426271171783107 0
236466155831448 0
182041614551996 0
131692084773217 -9333
505159166292334 0
697290377411151 -9292
210580359443751 -8146
687750387326522 0
816477076314190 0
668361750832319 0
794700039766700 0
789347801891197 0
270579135486697 0
743826745540210 -5627
686866294097171 0
637489737625584 0
375644320655410 -8091
190650582562662 0
580054753615596 -9972
759931314591844 0
272829227850023 -15896
688716912732203 0
804740409572230 -3755
553159403080826 0
944628956719912 -9758
252168382880988 0
660974714859924 -11275
920633980486782 0
445816436267167 -1309
772955451578195 0
171051136040697 -9580
303523133673740 0
378156501130777 0
986690270766595 0
998777852662537 0
181042184801497 -8607
169865126190044 -5476
516720356345212 -7101
463871928145770 -5041
748793406214669 0
891721310853964 -17268
639274893507818 0
162132191877529 -5199
261149575343371 -8025
919373336738532 0
770798875304310 -1400
296650080946458 0
552215562534095 0
925766205638571 0
111290625706023 0
659438008557754 0
218888368794601 0
333128343321890 -8659
477087481316186 0
945789827527533 0
578288433379509 0
237214783799875 0
546794358690550 -2534
862167577534423 0
995313822927185 0
823443830444359 0
739338942978837 -2743
633269516366231 -7072
266279773626853 0
185120559772185 0
244547333332776 0
697290377411151 -9292
963788388746970 -5654
710320288935136 0
470014711317784 0
212319465495461 -3996
386840384006966 0
184143434533948 0
543645836892322 -4893
772259710562982 0
341859998566197 0
841686048638466 0
254476794616631 0
402717560971510 -3605
353262923699441 -2892
243765535591082 0
241449019211299 0
948833283257048 0
729008059887684 0
772420071031723 -13016
373748859392269 -10165
140897081550796 -491
870794690413965 0
102446596465503 0
898880505935717 0
678140467560614 0
404045960585986 0
429979195194776 -3961
151194566198206 0
353262923699441 -2892
944360547168362 -2877
888280385238259 -8763
725787599618986 0
661531011301969 -551
371929370775616 -469
386093974927313 0
531779396152933 0
787782104820694 -5395
143395892592151 -3204
832002153568639 0
141263451423674 0
696666761122987 -8012
285632402442124 0
727624495501851 0
691647410772670 0
325774594170097 0
128021988181133 0
905311951873735 -16108
951037247454482 -8980
452295872461593 0
192504964513523 -3697
738503402553177 0
119311218366384 0
799052438627039 -13406
434007904992385 -6000
385455150722381 0
804634340302264 0
484210666632601 -8550
353933304340442 -3404
936549795222887 -2517
485044052470252 -4849
616505014498235 -13893
872383046775098 -11823
816902948350020 0
868040153911126 -8691
897285722890939 -17893
271020882933452 -904
971994332519043 0
816902948350020 0
592455016894812 -9956
980977971791684 0
685043465457315 -1958
502667553753142 0
523052007798267 0
982141747409364 0
662721039053370 0
321750768688482 0
452922226533180 0
567737159843181 -5330
706714794882204 0
953864585139222 -3892
185189158331247 0
595017527807344 0
554500933538252 -9298
410243657112156 -5326
462806680920795 0
347320401203011 -5791
876582530705734 0
948617209034712 0
813833624832229 -4427
123672507569785 0
874873763836595 -4828
242353570153588 -9573
335910076202444 0
516529456221525 0
682993093995951 -4471
870321885248310 -3776
193513180328211 0
813991811396164 -4678
948833283257048 0
769357746380085 0
917083124795953 -11336
597271902842451 -4469
628938685568974 -4090
146198739464796 0
775880136001647 0
214123792331354 -3231
979836544791255 0
456616033968256 0
553891831981771 0
509057299112823 -853
424511099960133 0
744129412734187 0
502718392035850 0
324447463015327 0
202918009724229 -8960
852606616691021 -7547
220488865760203 0
606263942567816 0
781899827992499 0
339376857990682 0
157469806356109 0
112815614902730 0
774452253126489 -20458
226792898754785 0
436964999068198 0
553902989264972 -1204
247288723607471 -8878
473544757604251 0
925562616692791 0
248857876490823 0
741314997808015 0
668625138252567 -5846
445759957379603 -1240
452922226533180 0
626181952404852 -7829
911231058187259 -3939
870923780401168 -8779
128802828942770 -8303
629293895931644 0
729536731046226 -4000
941029016921581 0
326589942538270 0
653496186269165 -6328
368514119236208 -6998
903108546286964 0
148656637622483 0
414944021212744 0
644610588057961 -6169
368047101769314 0
425826070123549 0
529339270748046 0
294589895150745 0
184167588659809 0
455785703985877 -8137
351899605548131 0
138425916855098 -7922
609837425311569 -5972
106482149281066 0
133644105052619 -9763
812344380751459 0
151771572314424 0
995323290397109 0
203803346649542 0
802441459516256 -7139
609208187052820 -8606
255367085608990 0
845416058390285 0
625139673222048 0
768398112711955 -7187
282697696912516 0
500330329746152 0
859213712813309 0
168729057631624 -4095
980914891856960 0
195575708885540 0
148958342836502 0
394136790180505 0
209255795064639 -7396
290058422949160 -4627
536868306859642 0
186799776040120 -13908
265939869319222 0
714918576861000 0
995231750165309 -14664
925882632039568 0
338945688728182 0
109533848956885 -4677
899974104838158 0
713704201552946 0
652852564266496 -6047
886702113971537 -6163
859547554116269 0
626369674404320 0
432730220783796 -7478
847247992811459 0
896191522761872 -7790
607211057024732 0
982179168111265 -12412
992750204026482 0
188034516155166 -13180
778959729726411 -8708
143395892592151 -3204
221780986140218 0
239446122258715 -9967
601623576784558 -4482
661872798171823 -6966
490945350731245 -1375
421095232184209 0
739989937130710 0
523091569088422 -6285
523866729556972 0
122655643493290 0
192283067394408 0
671995248115246 0
282849751681667 0
283828605100570 -6937
972017447942013 -9638
213026011443874 0
524932991092246 -8340
190288748020285 0
606716020904366 0
867464881256045 0
487906644209866 -1300
671547808087835 0
176851642940729 0
571310670935539 -10198
880373275809138 0
800588129270449 -9811
380215787026418 0
285271243075875 -7945
401553880751883 0
465143199017416 0
869546793860871 0
420199642647967 -7208
470871250314813 -4618
120670928644379 0
458786788817281 0
319089295809191 -9459
425141879048196 -4435
701314150813204 0
688154704388480 0
556914925209393 0
349515344241344 0
862024010392726 0
938339332372777 0
801269726235547 0
435720492211083 0
903108546286964 0
214616242241252 0
701656464890641 0
576591919624963 0
237651116635843 0
596575132264982 0
985961617673048 -401
378156501130777 0
836328871191975 0
901787242575975 0
304110015448095 0
219025464448589 -88
723143961805442 0
771755703423291 0
615660221220630 0
201989895319503 -3939
394041396271317 0
512555592431180 -10322
995392685588083 0
454817126738670 0
315002938902676 -9154
357351882449190 -14229
157704101730563 -3672
833956215471618 0
350325162526731 0
380191029967695 0
995438443893914 -7622
427037504905045 0
183375782881844 0
386726607291729 -9047
287030229456712 -37
671936281037469 -9940
708443460674375 0
649361042555040 0
389592573002521 0
125996467362682 0
111786206778299 0
549949871813150 -3547
769253980891686 0
731360270250522 0
818183905837184 0
228837603691056 -909
126559620263302 0
854599737523338 0
733405341213766 -9491
557835919736814 -4561
784664342588606 -2737
383765692235920 0
436976263451204 0
808361921946745 0
230534496310581 0
332268808086421 -12205
945457950520228 0
607690827507927 -12146
960510493854051 0
331722770863786 -9286
529576272095321 0
611508262532853 0
722502789449803 0
202558493627902 0
889495578977067 -5737
184153467129843 0
352563275735041 -318
523052007798267 0
252405888504708 0
368904833836088 0
633532230257884 0
642524268727096 0
425111796129163 -6469
741554539487109 0
185341939313540 -1204
918103806663189 -9800
583288264437403 0
685943490461806 -1852
627661425272099 0
468707143374232 -4674
605389094462385 0
382224928640791 0
939590486432768 -6805
152822500174057 0
102516497759161 -6641
115367192304494 0
301310776069501 0
332880322464607 0
439416361845754 0
767334495398152 -6961
233454617889060 0
808897363213432 -9815
595953551107715 0
455264145205852 0
722541519676382 0
238937022346976 0
554230782393344 -4948
335873323425873 -9343
868353763371561 -12451
938619237113969 0
386880785248320 0
782656451083234 -9939
720227184833844 -7940
628340822631644 0
784610563699928 -394
446985354405258 0
463523277819778 -3187
662695094583996 0
982709019299086 0
421469432044637 -4434
890650810151746 -3347
400621955146124 -7531
830518832788772 0
570091521996071 -25319
799184365785529 -2884
248834259690906 -3482
404593708811665 -12710
477822345469831 0
744129412734187 -11542
919955534697682 0
316392229747326 0
426984265202676 -4571
852303085683299 -5843
316683116164482 -7713
148625867293938 0
221193293150058 0
647115282249110 0
651982157488210 -20300
143741947139860 -3823
543188107903902 0
299601386385684 -7758
113035672433933 0
589412902382245 -15843
868084940479895 -7412
279157866664199 -8661
560181421642548 -5737
964448817668091 0
819086045526524 -8078
497604500009576 -1120
460160599973948 0
280907119568667 -8557
451607860080793 -8109
491782162643677 0
561888684428458 0
199066503175980 0
553423745139401 -11693
203803346649542 0
974824076077356 0
183749207430309 -4779
403738714428727 0
534188701954007 0
470558817511430 0
673218443668315 -2286
390149491343625 0
342968789051723 0
339203972639404 0
995438443893914 -7622
133046501165394 -2206
588949325781668 0
352373022290105 -11583
286147434622580 0
670232541368075 0
250688112600460 0
427037504905045 0
755006871636560 -9943
522211206248982 -102
410821412227490 0
152762229301121 -12219
927325668364345 -3472
725288031148603 0
729390710932149 -4837
968742193235130 -4528
787988266975522 0
948956598182430 -7289
174055877639373 -7270
753055303170140 0
270216472438660 -8579
323900488804446 -2036
575887661457995 0
439793606975280 -7917
204682642549404 -709
943503067744236 0
299601386385684 -7758
893765526040361 -5541
380126883033049 0
631725884151632 -7385
229707643999986 0
842881720976627 0
229117503835293 0
733291811423202 0
779932223224073 -6939
950473115816422 -11591
928069900869896 -12352
712126918180359 0
952770076451290 -15120
943444183816767 0
339203972639404 0
145399294993039 0
646245598977276 -746
350000998390779 -10703
478474751576113 0
210066053987496 0
879989066109093 -1357
470970938435294 0
715157748891774 -6962
942283211884498 0
887445704323021 0
631340074994786 0
488815020475625 0
165664578216062 0
768726915238186 0
403377488333701 0
862605366318129 0
545314594546071 0
646294805673282 0
514041410609953 0
716679857338240 0
687321101555178 -6544
900507824728839 0
319850991348361 0
869884218176848 0
452602310949406 -963
639413531314608 0
314147295684946 0
518065115415291 0
713865308108495 -3345
463557786826879 -7867
996925781952542 -8852
125317797002896 0
412238976648985 -1831
229707643999986 0
778308669316716 -6772
348894992501191 0
146140409624779 -2954
154878617388226 0
111290625706023 0
776908855198288 0
270851742190013 0
262176530697784 -7132
650833354382502 0
220259189481559 0
848598522785596 0
311790635312185 -2868
980860660908826 -4622
161111103908072 0
407755140008444 0
608518333637991 0
717140930275427 -1906
579841670374424 0
407456006993248 0
883047761257536 -8741
986690270766595 0
374439931529558 -11054
803951698461995 0
775069237086136 0
976843841225986 -3239
797370920410720 -7605
672168383765682 -9663
901638286274329 -4745
542671583836521 0
383045457720172 0
389305620729002 0
172450133793571 0
333128343321890 -8659
719684803247632 -5944
968755416915053 0
716887309407097 -4624
766318209162010 0
145622707953843 0
641543537104635 -660
270139895548248 -4986
882004149072880 -7577
194218141978579 0
343958644615373 0
316974016087224 -4554
597972014037720 0
194509571378684 0
680611780382066 -3574
834967055261921 0
581099747725937 -9344
298586636970423 -8624
805062759755871 -11362
511612052582756 0
434551306225826 -15937
814092821436835 -8468
599392612895075 0
890650810151746 -3347
414934277248430 0
306941840958439 -10510
257755246058237 -6679
945352049011657 0
472663878415761 0
862798355853399 -5640
290934971136583 -8977
209347132190990 0
357556022164037 -4022
434263166322295 0
349515344241344 0
575026022936519 0
909972804493257 0
656325409989881 -6828
547253800127794 -4955
572686339258071 -5518
715788167345301 0
657083901682873 -7171
580066729630672 -7634
515206361820552 0
776972795427102 0
134317314741738 0
357351882449190 -14229
203641412053893 0
464899868175845 -8708
182262475115445 -2443
691788291801535 -7346
377914276404876 0
965839520899592 0
221579810243483 0
898894619900679 0
559977721230484 -6266
238046990291680 -2007
350322777972424 -1072
193803971024991 -5253
936074451426519 -16894
913473529038477 -2842
594772036789771 0
334561391082581 0
637938886378665 -7924
101313540277210 -15321
776381317764288 -4574
664517195500361 -6113
245576711084348 -72
218565866682659 0
146365931428318 0
700063587114055 0
207202144295304 -4302
750961769831698 0
768803840076270 0
632451607041384 -5347
297711630192447 0
670232541368075 0
374388483299368 0
774807206430395 0
666527022316234 -13542
488323238655926 -2800
953864585139222 -3892
371224989050634 0
226255160671581 0
144043303452256 0
640161233110644 -789
510428948553497 0
975234168917767 -7794
119341616421789 -16975
764464918859960 0
288675584536648 -6078
560174318400032 -7219
887081968026394 -7909
347506331624708 -1110
746943954078925 0
498511922151751 -15241
396567515388929 0
726427157547940 0
894454814987457 -8004
734750693698887 0
226675691113679 -7828
440370412841194 -7430
111458698500346 0
192259779050846 0
990097228189499 0
176468367472871 0
660974714859924 -11275
669465266076390 0
854413823140025 -9735
397858187837166 -9897
284601649882583 0
237213222652832 0
864847105733105 -17836
754986587410947 0
143973066906030 -4670
107798747511606 0
559738573493694 -11505
820129847182260 0
914660758364661 0
993304651703727 0
468399163805956 0
612408408396818 -17813
388612219204681 -862
643724611633419 0
965348907783035 -8942
488094524712674 -8849
797046702462140 -8922
729536202437854 0
723109379902553 0
241516560142649 0
715996949347685 -4289
442522132495116 0
861503695520235 -4553
503194842082186 0
819732335849540 -5316
428611153885895 0
689464347282267 0
505159166292334 0
889932205540843 0
103853950151841 -4330
802609668349502 0
737057127425008 0
504279939192502 0
459753011553415 0
540408577024701 -4303
205125636045980 -3952
866114872479808 0
733556613991484 -9448
987875789729804 -5560
288383145778755 0
518881818784562 0
889818950828185 0
765564607823547 -8904
859439067206023 0
986284543757939 -12239
878204181821274 -14486
693729858030370 0
813734961530211 0
433559777536982 0
740436605172268 0
923499030360597 0
395510653802813 0
819085465344654 -4599
626429156492014 0
848962917037646 0
241053056660819 -9535
245262462048686 0
886591753271255 -3767
254638235178178 -6975
641441727794192 -11433
975725628864406 0
784537314775449 -2012
166921230744253 0
738058325663802 0
458095795913636 -3956
539621341246878 0
128240083371244 0
570924207063164 -14532
326602535545361 -8613
487479712515126 0
534766835766569 0
873271099398379 -534
550388383023776 0
312326486227455 0
262203763269685 -23929
561575482484729 0
982826570002488 0
764749268744625 0
356266830399933 -9708
636667926849500 -7706
135639674067399 0
675189288042234 0
704714171618482 0
182041614551996 0
214841478824579 0
102121692992137 0
997935358345111 0
707117881734265 0
795175672107556 -6188
678229818219186 0
403340397500277 0
602362829306669 -3150
614551346195740 -4963
736901780711130 -7456
345379265165448 -6164
895181145782919 -4373
300898338584118 -8026
755790124667752 0
360027458432777 -13956
879019399994618 0
163687889209024 -878
162457486087582 0
152822500174057 0
576141101005852 -8047
740172485300145 -8337
156021520432076 -2375
740805551438555 -8643
634533900354241 0
214408265829829 -4846
336620481876571 0
968292089162938 0
618032273252780 0
754708093372777 0
677418378849269 -4496
627025725168225 0
824674436194258 0
845824855323251 -11620
822916454449784 0
606898797380167 0
549938742549875 -7854
585685797409653 -4755
369716379107035 0
701314150813204 -6812
870148184925498 -15275
720232941801230 -9712
703377455542983 0
924438460241630 -1077
740359436903066 0
974213816796816 -6602
763929462627180 -1349
250597680931654 -4926
825062689309040 0
338948622086222 -3451
550567432311636 0
558448731741633 0
888081348345448 0
121438800842249 -3015
332554206824931 -9705
824805888629378 0
743502330762653 -14497
391024543209854 0
790576540707223 0
778150001084741 0
401699761048616 -9106
562586062479793 -8532
776384745097282 0
237342116797712 0
884409539876340 -3582
800342503011991 -2645
194277578730961 -7467
960018879018005 -5607
523540716489577 -8510
449139181777171 -3040
999686746297830 -6867
858882850324162 0
470353399461341 -7948
466742286434254 0
852980189479655 -3562
390149491343625 0
843506376566430 -6178
796423393679756 0
955999237208046 0
693877798599415 -4228
482926321404371 0
290945135235862 -7593
696234690510736 0
192258738581264 -3703
942002467691885 0
684438294550818 0
800620099705419 -10193
720340448326207 -1158
400115128493685 0
589332630186137 -10159
786989652254950 0
578409906257625 -6899
533373513884324 -16596
622449592887702 -10306
526234014871486 0
987666785348181 0
306991460704940 0
896535445992154 0
726143951027467 0
876998375962547 -6303
132657839252714 -7737
783726871400662 -6534
758730848802629 0
386840384006966 0
896308731781776 -9654
104129161470724 -380
303996886187003 -495
440836340860965 -16123
516380614389041 0
748326651631056 -17567
784664342588606 -2737
755096813076701 -16378
583868339598993 -19291
579134253213678 -8486
645254612630103 0
784126165881156 0
125259180716124 0
160844091331524 0
668565785263244 0
262027974595786 -8856
921615950086196 -4988
450889847872142 -6517
384218551970167 -4320
663770244594287 -5798
520595706355651 -8196
965839520899592 0
392083853757641 -12125
622932718023504 -3711
288286975201762 0
131012353501256 -162
468187242515683 0
118442972476081 -5580
171697343711109 0
507750852699016 0
608043744379521 0
322682166530571 0
125996467362682 -1751
286000721845655 0
241135640543089 0
600594219695919 0
589185265784194 -2050
817297812092423 -15338
970031518950093 0
876570555690491 -8886
753831890402300 0
601594165643883 0
657557843097603 -6958
426504693652498 0
560257589087794 -8714
482009785629271 0
562274635961014 -2347
